type: AdjacencyList
size: 70
30 1: 2 32 13 55 30 26 47 58 52 40 23 54 17 41 24 69 38 63 45 66 15 48 57 5 4 37 60 64 28 14
30 2: 4 5 44 68 16 11 61 1 62 34 59 46 7 6 10 40 20 64 63 65 52 19 67 13 15 29 24 21 33 36
30 3: 22 34 28 21 16 38 60 18 43 23 67 61 36 62 13 65 54 19 9 11 51 27 26 52 7 6 53 55 20 64
30 4: 2 34 1 5 16 50 60 59 43 67 39 69 45 41 13 33 17 19 14 37 20 26 25 27 48 7 66 51 31 30
30 5: 2 32 1 37 38 4 63 70 18 40 26 20 35 9 31 55 68 69 65 66 62 51 30 13 59 15 23 7 17 41
30 6: 2 32 28 42 38 24 60 57 59 23 39 15 36 62 63 70 17 56 14 9 51 27 47 30 58 66 68 3 64 49
30 7: 2 8 34 21 5 38 10 18 43 12 39 15 45 36 63 70 17 56 14 9 4 44 26 30 49 25 66 3 58 31
30 8: 22 32 43 54 69 48 45 12 27 38 7 70 15 51 44 16 58 20 68 59 60 25 53 47 52 42 35 18 40 10
30 9: 22 32 28 42 5 50 60 59 43 12 67 61 45 41 13 33 54 19 58 3 7 29 40 37 51 6 68 48 27 64
30 10: 2 8 28 21 16 50 65 14 55 52 40 30 48 69 43 12 25 53 56 31 49 54 59 61 58 20 47 7 68 36
30 11: 2 34 28 21 38 24 50 57 43 23 39 15 45 41 13 33 54 56 46 26 66 3 58 30 68 29 44 53 47 52
30 12: 22 8 34 42 16 38 10 57 35 43 17 39 65 52 41 70 23 55 7 30 44 20 33 36 53 31 9 14 26 58
30 13: 2 34 1 42 5 50 60 57 35 23 39 61 45 54 47 68 65 48 64 33 56 11 44 66 9 3 37 4 26 29
30 14: 22 34 1 21 38 24 10 18 35 12 67 15 69 62 63 65 54 56 47 7 6 55 48 4 68 44 26 30 49 31
30 15: 2 8 1 42 5 38 60 18 35 67 39 7 41 64 33 68 30 47 66 31 29 11 70 55 37 14 6 65 44 69
30 16: 2 8 34 21 64 25 12 52 26 60 18 44 53 43 4 40 29 70 3 46 19 67 20 63 61 50 49 10 37 57
30 17: 22 32 1 21 5 38 60 18 43 12 39 61 36 62 63 70 40 31 6 44 29 7 4 19 27 47 26 53 56 64
30 18: 22 8 28 5 16 24 33 39 7 31 48 57 59 45 35 19 14 58 61 53 43 64 44 3 17 55 41 46 37 15
30 19: 2 32 34 21 16 38 50 18 35 43 39 61 45 41 63 33 17 31 66 27 9 4 58 52 49 29 26 40 47 3
30 20: 2 8 34 5 16 24 10 57 59 12 67 69 45 62 63 65 54 56 46 37 4 27 47 30 48 66 3 31 68 64
30 21: 2 32 34 28 60 10 56 49 45 59 50 58 14 11 69 41 16 55 3 46 23 29 68 57 42 17 62 19 54 7
30 22: 18 25 54 35 31 50 57 27 51 55 14 30 12 58 56 70 42 8 60 69 9 32 49 66 28 3 17 26 41 37
30 23: 32 34 1 21 5 38 60 57 43 12 68 46 61 29 56 49 54 11 13 51 40 63 47 6 66 64 3 27 37 69
30 24: 2 34 1 42 38 58 11 14 33 65 57 63 52 51 40 45 67 70 25 69 18 66 60 6 55 39 20 68 50 36
30 25: 22 8 28 42 16 24 10 59 43 67 39 61 69 62 63 70 54 56 46 37 4 27 40 7 48 66 31 53 55 49
30 26: 22 32 1 5 16 50 60 59 43 12 67 61 36 41 13 33 17 19 14 11 4 51 66 40 68 52 29 7 3 30
30 27: 22 8 28 42 38 50 60 57 59 23 39 61 45 41 63 33 17 19 46 9 4 44 25 3 64 29 49 20 6 55
30 28: 22 34 1 53 50 25 65 9 18 6 59 11 67 43 46 39 3 36 10 42 31 70 51 44 29 27 56 62 33 21
30 29: 2 34 28 21 16 38 60 57 35 23 39 15 69 62 13 65 17 19 46 9 11 27 26 30 48 66 68 49 53 55
30 30: 22 32 1 42 5 38 10 57 43 12 61 15 45 41 63 70 54 56 14 11 4 44 26 47 29 7 20 6 68 31
30 31: 22 32 28 42 5 50 10 18 59 12 61 15 45 62 63 33 17 19 14 37 4 44 40 30 7 48 25 55 20 49
30 32: 22 45 23 48 39 38 47 53 43 49 9 34 6 64 66 46 57 67 30 62 5 19 26 33 21 31 61 1 17 8
30 33: 2 32 28 42 38 24 18 57 59 12 39 15 45 36 13 70 4 19 26 9 48 40 11 31 27 51 54 44 37 64
30 34: 2 32 65 37 56 41 24 13 50 63 11 29 3 14 36 39 28 23 4 55 12 19 16 20 61 7 21 49 68 35
30 35: 22 8 34 42 5 50 60 18 59 65 53 29 61 67 45 12 43 46 40 54 55 19 37 14 13 64 48 56 15 49
30 36: 2 34 28 42 38 24 10 59 43 12 67 69 62 3 52 49 47 48 40 65 26 54 6 55 46 17 66 33 7 70
30 37: 22 34 1 5 16 38 60 18 35 23 39 15 45 41 13 33 54 56 46 9 55 52 20 31 4 49 53 44 47 25
30 38: 32 8 1 5 58 11 36 48 56 14 45 54 6 27 47 24 33 39 46 7 29 15 23 12 37 3 17 19 30 49
30 39: 32 34 28 42 38 24 50 18 59 12 25 17 63 7 37 51 29 6 66 15 70 53 27 11 4 33 13 19 45 55
30 40: 2 8 1 5 16 24 10 57 35 23 67 69 36 41 63 33 17 19 46 9 51 26 25 53 64 48 52 47 58 31
30 41: 22 34 1 21 5 50 60 18 43 12 67 15 45 19 4 40 11 62 47 48 55 68 63 27 30 9 49 44 26 37
30 42: 22 8 28 21 48 15 36 27 9 35 13 67 66 44 43 25 47 61 51 24 31 39 30 12 6 65 33 52 64 53
30 43: 32 8 28 42 16 50 10 18 35 23 4 3 47 63 11 7 26 30 66 36 41 25 17 9 68 45 48 19 62 12
30 44: 2 8 28 42 16 50 60 18 59 12 61 15 69 41 13 33 17 46 14 37 11 51 30 7 58 48 31 27 47 53
30 45: 32 8 1 21 38 24 60 18 35 43 39 61 56 33 13 19 58 20 11 31 53 9 37 63 27 7 41 30 4 51
30 46: 2 32 28 21 16 38 60 18 35 23 67 69 36 62 63 70 54 44 37 64 27 20 25 51 53 11 29 66 40 52
30 47: 32 8 1 42 38 50 10 57 43 23 67 15 36 41 13 70 17 19 14 37 11 44 40 68 49 6 55 20 66 30
30 48: 32 8 1 42 38 50 10 18 35 43 67 69 36 41 13 33 54 56 14 9 4 44 40 52 25 29 20 68 31 66
30 49: 22 32 34 21 16 38 10 59 35 23 67 61 36 41 63 70 65 19 14 37 51 27 47 7 58 6 29 31 55 25
30 50: 22 34 28 21 16 24 44 54 13 31 61 62 59 47 26 9 53 64 48 41 27 10 4 35 56 43 11 51 39 19
30 51: 22 8 28 42 5 24 50 57 59 23 39 61 45 62 63 33 65 56 46 9 4 58 6 3 64 49 40 55 44 26
30 52: 2 8 1 42 16 24 10 57 59 12 61 69 36 62 70 65 54 19 46 37 11 26 40 53 48 3 55 58 64 66
30 53: 32 8 28 42 16 50 10 18 35 12 39 69 45 62 63 70 65 17 46 37 11 44 40 52 58 3 29 25 68 64
30 54: 22 8 1 21 38 50 10 57 35 23 67 61 36 13 70 33 65 37 20 14 30 3 55 52 48 9 58 46 11 25
30 55: 22 34 1 21 5 24 10 18 35 12 39 15 36 41 63 65 54 56 14 37 51 27 47 52 58 3 29 31 25 49
30 56: 22 34 28 21 38 50 10 57 35 23 67 69 45 62 13 70 65 17 68 51 48 55 20 25 6 14 7 37 30 11
30 57: 22 32 1 21 16 24 60 18 56 11 29 23 12 13 47 70 52 30 33 69 67 66 62 6 54 27 68 40 20 51
30 58: 22 8 1 21 38 24 10 18 59 12 67 61 45 62 70 65 54 19 9 11 51 44 40 52 7 55 64 49 53 6
30 59: 2 8 28 21 5 50 10 18 4 63 26 49 25 65 36 9 31 58 6 62 27 70 39 69 20 35 52 51 33 44
30 60: 22 8 1 21 16 24 67 27 63 4 62 64 6 57 35 26 29 37 23 13 15 70 9 17 45 41 66 46 44 3
30 61: 2 32 34 42 16 50 10 18 35 23 65 31 44 52 68 30 58 62 9 13 3 26 51 25 54 19 49 45 27 17
30 62: 2 32 28 21 5 50 60 57 59 43 67 61 36 41 46 20 3 64 25 56 53 6 58 65 51 14 52 31 17 29
30 63: 2 34 1 5 16 24 60 59 43 23 39 69 45 41 7 46 55 40 25 31 49 51 53 6 14 30 17 27 20 19
30 64: 2 32 1 42 16 50 60 18 35 23 67 15 69 62 13 33 65 17 46 9 51 27 40 52 58 6 3 53 20 68
30 65: 2 34 28 42 5 24 10 59 35 12 61 15 36 62 13 3 55 20 58 52 29 14 49 54 51 56 64 53 66 68
30 66: 22 32 1 42 5 24 60 57 43 23 39 15 69 36 13 70 65 19 46 11 4 26 47 52 7 48 29 20 6 25
30 67: 2 32 28 42 16 24 60 57 35 15 25 4 48 3 47 41 62 14 36 54 69 20 40 46 26 58 49 9 64 56
30 68: 2 8 34 21 5 24 10 57 43 23 61 15 69 41 13 70 65 56 14 9 11 26 47 30 48 6 29 53 20 64
30 69: 22 8 1 21 5 24 10 57 59 23 67 15 20 4 40 52 46 36 56 48 53 63 14 44 66 68 70 64 25 29
30 70: 22 8 28 5 16 24 60 57 59 12 39 15 69 36 58 52 54 66 49 47 17 30 33 46 6 56 53 68 25 7
